lastAccountName: xtelos
timestamps:
  login: 1618492497119
  logout: 1618492526857
ipAddress: 127.0.0.1
lastlocation:
  world: world
  x: -74.74293244252506
  y: 66.0
  z: -63.929943316956205
  yaw: 82.20003
  pitch: 24.150005
logoutlocation:
  world: world
  x: -79.26145004401081
  y: 68.45612979880335
  z: -62.93493995266569
  yaw: 92.25
  pitch: 20.099998
